3372
4883
9465
10844
11052
11057
11660
12026
12785
12849
12852
14585
14613
14651
15645
15724
15966
15990
15991
15992
15993
16174
16194
16195
16456
17074
17391
21317
22342
22869
22871
1351
1354
1577
1660
2011
2096
2225
2229
2240
2294
2410
2565
2591
2666
3067
3933
4811
5557
5582
9084
9251
9764
10835
11058
11909
12865
13398
13703
13910
14567
14728
15482
15486
15681
15989
16400
16500
16974
17070
17265
17485
17845
17953
20500
22115
25194
27210
28325
28706
1106
1229
1344
1563
1633
1720
1749
1757
1915
1958
2056
2073
2133
2157
2226
2253
2293
2411
2600
2602