2748
2775
24416
1010
9625
9655
9656
10826
13301
14606
14916
16395
17520
19947
25644
2491
2670
2839
9507
10211
13699
14495
15489
15624
17968
24417
24418
25214
1003
1463
1788
1904
2193
2579
2876
6571
8394
9095
9461
9657
9711
11726
11727
14494
14501
14607
17175
17212
17484
17626
25418
25706
27446
1535
1699
1793
1912
1965
4097
9184
9658
10164
11048
11051
11053
11055
11060
11568
11722
11867
14430
14453
15988
16493
17213
17216
17271
17291
18353
19621
19622
20152
20162
22857
1149
1309
1446
1495
1679
1890
1932
2156
2302
2502
2688
2705
11660