1260
2178
2606
2667
1012
7576
1697
11724
14502
10026
7569
11725
2468
4963
7562
2206
2583
2644
16236
13549
16953
1389
16234
1707
13460
2573
1926
5014
9019
3055
2636
2589
16928
18352
12851
13913
2146
9205
2638
14940
1325
1600
4179
1743
5427
17135
17471
17142
11559
14226
6593
2251
17472
24444
1963
11060
1939
21736
14442
1303
18405
3184
24445
2665
2660
1194
1941
16946
1525
3197
19238
17086
9328
1240
16948
20058
2234
12869
17141
16197
6118
1726
17836
21609
13565
1039
16954
13459
14716
23288
16173
16933
6087
2933
12886
15591
3187
4991
1938
17071