1260
2606
2667
1012
11724
10026
11725
2468
4963
1987
2583
2644
1707
1520
2573
1967
1167
1926
1068
9466
13023
2638
1937
1325
24479
1743
17471
2458
2668
3109
2251
17472
21736
24480
2210
1303
3184
15681
16946
3584
10159
4803
1240
2250
20058
1189
1103
1405
16724
13565
16929
14716
16173
14267
2617
15591
3187
16947
11400
15900
11123
15971
1245
16964
2186
16437
17090
14248
16174
16988
9202
16932
15723
17616
17265
22352
14942
24481
20166
24482
14238
21938
5547
19542
13265
12784
21937
16768
24483
13244
20188
1953
18126
24484
16432
20924
1199
25195
15559
10265